-8917309438523375766
-5013042083547262715
-4381103006014437423
3091497982566567098
631271889705936546
-3081648755313346680
-9127580876400351852
-3639490595641371563
-5091962056239189245
8676126158491598158
-2286478653634371762
-942027749612309181
6189990668776934381
3915873778128667354
-6505741270698612843
-8066128087779515385
-1749620602907618416
3813411426857916857
-2608455261569487351
-2970875867998005105
-3030102115953727524
-118638598467528726
7302216544121411916
-54772446986309176
7509412492504908681
8510967201458299283
-7201476249718341350
-4872843789713449514
-5290152549847940825
6619037032180952211
5777270509318626737
3893149719542084041
-4500653263197458503
8066418021187564299
8109445858271091575
-7946419804101374043
-6050758455792503303
-8659991149339162777
-6317830469506322794
-8718423723922250291
-417448622085806924
4352548705769639019
-8386158277856592132
8705594261099827088
-3224163482625236356
700641663896087235
324677810495508759
-6797849799414191473
-1960632912133438274
6377016022163802304
-1760428101651148747
-5013042083547262715
-4381103006014437423
3091497982566567098
631271889705936546
-3081648755313346680
-9127580876400351852
-3639490595641371563
-5091962056239189245
8676126158491598158
-2286478653634371762
-942027749612309181
6189990668776934381
3915873778128667354
-6505741270698612843
-8066128087779515385
-1749620602907618416
3813411426857916857
-2608455261569487351
-2970875867998005105
-3030102115953727524
-118638598467528726
7302216544121411916
-54772446986309176
7509412492504908681
8510967201458299283
-7201476249718341350
-4872843789713449514
-5290152549847940825
6619037032180952211
5777270509318626737
3893149719542084041
-4500653263197458503
8066418021187564299
8109445858271091575
-7946419804101374043
-6050758455792503303
-8659991149339162777
-6317830469506322794
-8718423723922250291
-417448622085806924
4352548705769639019
-8386158277856592132
8705594261099827088
-3224163482625236356
700641663896087235
324677810495508759
-6797849799414191473
-1960632912133438274
6377016022163802304
-1760428101651148747
-5013042083547262715
-4381103006014437423
3091497982566567098
631271889705936546
-3081648755313346680
-9127580876400351852
-3639490595641371563
-5091962056239189245
8676126158491598158
-2286478653634371762
-942027749612309181
6189990668776934381
3915873778128667354
-6505741270698612843
-8066128087779515385
-1749620602907618416
3813411426857916857
-2608455261569487351
-2970875867998005105
-3030102115953727524
-118638598467528726
7302216544121411916
-54772446986309176
7509412492504908681
8510967201458299283
-7201476249718341350
-4872843789713449514
-5290152549847940825
6619037032180952211
5777270509318626737
3893149719542084041
-4500653263197458503
8066418021187564299
8109445858271091575
-7946419804101374043
-6050758455792503303
-8659991149339162777
-6317830469506322794
-8718423723922250291
-417448622085806924
4352548705769639019
-8386158277856592132
8705594261099827088
-3224163482625236356
700641663896087235
324677810495508759
-6797849799414191473
-1960632912133438274
6377016022163802304
-1760428101651148747
-5013042083547262715
-4381103006014437423
3091497982566567098
631271889705936546
-3081648755313346680
-9127580876400351852
-3639490595641371563
-5091962056239189245
8676126158491598158
-2286478653634371762
-942027749612309181
6189990668776934381
3915873778128667354
-6505741270698612843
-8066128087779515385
-1749620602907618416
3813411426857916857
-2608455261569487351
-2970875867998005105
-3030102115953727524
-118638598467528726
7302216544121411916
-54772446986309176
7509412492504908681
8510967201458299283
-7201476249718341350
-4872843789713449514
-5290152549847940825
6619037032180952211
5777270509318626737
3893149719542084041
-4500653263197458503
8066418021187564299
8109445858271091575
-7946419804101374043
-6050758455792503303
-8659991149339162777
-6317830469506322794
-8718423723922250291
-417448622085806924
4352548705769639019
-8386158277856592132
8705594261099827088
-3224163482625236356
700641663896087235
324677810495508759
-6797849799414191473
-1960632912133438274
6377016022163802304
-1760428101651148747
-5013042083547262715
-4381103006014437423
3091497982566567098
631271889705936546
-3081648755313346680
-9127580876400351852
-3639490595641371563
-5091962056239189245
8676126158491598158
-2286478653634371762
-942027749612309181
6189990668776934381
3915873778128667354
-6505741270698612843
-8066128087779515385
-1749620602907618416
3813411426857916857
-2608455261569487351
-2970875867998005105
-3030102115953727524
-118638598467528726
7302216544121411916
-54772446986309176
7509412492504908681
8510967201458299283
-7201476249718341350
-4872843789713449514
-5290152549847940825
6619037032180952211
5777270509318626737
3893149719542084041
-4500653263197458503
8066418021187564299
8109445858271091575
-7946419804101374043
-6050758455792503303
-8659991149339162777
-6317830469506322794
-8718423723922250291
-417448622085806924
4352548705769639019
-8386158277856592132
8705594261099827088
-3224163482625236356
700641663896087235
324677810495508759
-6797849799414191473
-1960632912133438274
6377016022163802304
-1760428101651148747
-5013042083547262715
-4381103006014437423
3091497982566567098
631271889705936546
-3081648755313346680
-9127580876400351852
-3639490595641371563
-5091962056239189245
8676126158491598158
-2286478653634371762
-942027749612309181
6189990668776934381
3915873778128667354
-6505741270698612843
-8066128087779515385
-1749620602907618416
3813411426857916857
-2608455261569487351
-2970875867998005105
-3030102115953727524
-118638598467528726
7302216544121411916
-54772446986309176
7509412492504908681
8510967201458299283
-7201476249718341350
-4872843789713449514
-5290152549847940825
6619037032180952211
5777270509318626737
3893149719542084041
-4500653263197458503
8066418021187564299
8109445858271091575
-7946419804101374043
-6050758455792503303
-8659991149339162777
-6317830469506322794
-8718423723922250291
-417448622085806924
4352548705769639019
-8386158277856592132
8705594261099827088
-3224163482625236356
700641663896087235
324677810495508759
-6797849799414191473
-1960632912133438274
6377016022163802304
-1760428101651148747
-5013042083547262715
-4381103006014437423
3091497982566567098
631271889705936546
-3081648755313346680
-9127580876400351852
-3639490595641371563
-5091962056239189245
8676126158491598158
-2286478653634371762
-942027749612309181
6189990668776934381
3915873778128667354
-6505741270698612843
-8066128087779515385
-1749620602907618416
3813411426857916857
-2608455261569487351
-2970875867998005105
-3030102115953727524
-118638598467528726
7302216544121411916
-54772446986309176
7509412492504908681
8510967201458299283
-7201476249718341350
-4872843789713449514
-5290152549847940825
6619037032180952211
5777270509318626737
3893149719542084041
-4500653263197458503
8066418021187564299
8109445858271091575
-7946419804101374043
-6050758455792503303
-8659991149339162777
-6317830469506322794
-8718423723922250291
-417448622085806924
4352548705769639019
-8386158277856592132
8705594261099827088
-3224163482625236356
700641663896087235
324677810495508759
-6797849799414191473
-1960632912133438274
6377016022163802304
-1760428101651148747
-5013042083547262715
-4381103006014437423
3091497982566567098
631271889705936546
-3081648755313346680
-9127580876400351852
-3639490595641371563
-5091962056239189245
8676126158491598158
-2286478653634371762
-942027749612309181
6189990668776934381
3915873778128667354
-6505741270698612843
-8066128087779515385
-1749620602907618416
3813411426857916857
-2608455261569487351
-2970875867998005105
-3030102115953727524
-118638598467528726
7302216544121411916
-54772446986309176
7509412492504908681
8510967201458299283
-7201476249718341350
-4872843789713449514
-5290152549847940825
6619037032180952211
5777270509318626737
3893149719542084041
-4500653263197458503
8066418021187564299
8109445858271091575
-7946419804101374043
-6050758455792503303
-8659991149339162777
-6317830469506322794
-8718423723922250291
-417448622085806924
4352548705769639019
-8386158277856592132
8705594261099827088
-3224163482625236356
700641663896087235
324677810495508759
-6797849799414191473
-1960632912133438274
6377016022163802304
-1760428101651148747
-5013042083547262715
-4381103006014437423
3091497982566567098
631271889705936546
-3081648755313346680
-9127580876400351852
-3639490595641371563
-5091962056239189245
8676126158491598158
-2286478653634371762
-942027749612309181
6189990668776934381
3915873778128667354
-6505741270698612843
-8066128087779515385
-1749620602907618416
3813411426857916857
-2608455261569487351
-2970875867998005105
-3030102115953727524
-118638598467528726
7302216544121411916
-54772446986309176
7509412492504908681
8510967201458299283
-7201476249718341350
-4872843789713449514
-5290152549847940825
6619037032180952211
5777270509318626737
3893149719542084041
-4500653263197458503
8066418021187564299
8109445858271091575
-7946419804101374043
-6050758455792503303
-8659991149339162777
-6317830469506322794
-8718423723922250291
-417448622085806924
4352548705769639019
-8386158277856592132
8705594261099827088
-3224163482625236356
700641663896087235
324677810495508759
-6797849799414191473
-1960632912133438274
6377016022163802304
-1760428101651148747
-5013042083547262715
-4381103006014437423
3091497982566567098
631271889705936546
-3081648755313346680
-9127580876400351852
-3639490595641371563
-5091962056239189245
8676126158491598158
-2286478653634371762
-942027749612309181
6189990668776934381
3915873778128667354
-6505741270698612843
-8066128087779515385
-1749620602907618416
3813411426857916857
-2608455261569487351
-2970875867998005105
-3030102115953727524
-118638598467528726
7302216544121411916
-54772446986309176
7509412492504908681
8510967201458299283
-7201476249718341350
-4872843789713449514
-5290152549847940825
6619037032180952211
5777270509318626737
3893149719542084041
-4500653263197458503
8066418021187564299
8109445858271091575
-7946419804101374043
-6050758455792503303
-8659991149339162777
-6317830469506322794
-8718423723922250291
-417448622085806924
4352548705769639019
-8386158277856592132
8705594261099827088
-3224163482625236356
700641663896087235
324677810495508759
-6797849799414191473
-1960632912133438274
6377016022163802304
-3081648755313346680
-9127580876400351852
-3639490595641371563
-5091962056239189245
8676126158491598158
-2286478653634371762
-942027749612309181
6189990668776934381
3915873778128667354
-6505741270698612843
-8066128087779515385
-1749620602907618416
3813411426857916857
-2608455261569487351
-2970875867998005105
-3030102115953727524
-118638598467528726
7302216544121411916
-54772446986309176
7509412492504908681
8510967201458299283
-7201476249718341350
-4872843789713449514
-5290152549847940825
6619037032180952211
5777270509318626737
3893149719542084041
-4500653263197458503
8066418021187564299
8109445858271091575
-7946419804101374043
-6050758455792503303
-8659991149339162777
-6317830469506322794
-8718423723922250291
-417448622085806924
4352548705769639019
-8386158277856592132
8705594261099827088
-3224163482625236356
700641663896087235
324677810495508759
-6797849799414191473
-1960632912133438274
6377016022163802304
-818790728750610343
6477102212604345395
-3592222226926976826
8952972976395218245
-3096221967594255868
5108148684900769007
-2754059427406340558
-445094298244078036
7476824551276620787
759481332358149162
-4758353278950002654
9087135627740909161
5316933290344404320
-2081752953319154061
1981027052748309271
2257138337074710212
2742735792857277899
-8424666736842605587
1116262558792790555
-3592222226926976826
8952972976395218245
-3096221967594255868
5966736281502780515
-2917602847903090243
-8677209212421533005
-8123353261042383975
-2656927165634984635
-4697139407799061915
3869314055944512328
483742255840414522
-6117156217609334745
-3634445162384929842
2102311158229428380
-2999050532766973659
7069066666135419520
-7480978329020922125
-6067149161539586455
880132280342285292
-2190283146778733434
-3668275525142979653
3997429548366834955
986342731591882185
3351793109387935668
-1770069487488246357
1023063436037006722
-3984467244085257849
-6616103794826251891
-2658578414027551990
4334601846487019272
1412573814040209518
5480303131337152417
-1579757049088399001
7763869295262134170
859405480806990790
8573225147171680225
4431453753713678032
-1392081076782079111
-2679779693610329011
-6493261656238947266
3129625407645527997
-1829078203354015039
837657871964559832
-37923837227340645
-970587925691202139
2026324310259059251
-4821042551624455118
-3547127269188018265
-6921080533344987448
-9038559762412907529
3195427733539508877
8945016649963144309
-48130848423202693
-5509232444501621336
-7437876556795148758
-6807336892322410070
-2194806869350979353
8895577150293037303
-4697139407799061915
3869314055944512328
483742255840414522
-6117156217609334745
-3634445162384929842
2102311158229428380
-2999050532766973659
7069066666135419520
-7480978329020922125
-6067149161539586455
880132280342285292
-2190283146778733434
-3668275525142979653
3997429548366834955
986342731591882185
3351793109387935668
-1770069487488246357
1023063436037006722
-3984467244085257849
-6616103794826251891
-2658578414027551990
4334601846487019272
1412573814040209518
5480303131337152417
-1579757049088399001
7763869295262134170
859405480806990790
8573225147171680225
4431453753713678032
-1392081076782079111
-2679779693610329011
-6493261656238947266
3129625407645527997
-1829078203354015039
837657871964559832
-37923837227340645
-970587925691202139
2026324310259059251
-4821042551624455118
-3547127269188018265
-6921080533344987448
-9038559762412907529
3195427733539508877
8945016649963144309
-48130848423202693
-5509232444501621336
-7437876556795148758
-6807336892322410070
-2194806869350979353
8895577150293037303
-4697139407799061915
3869314055944512328
483742255840414522
-6117156217609334745
-3634445162384929842
2102311158229428380
-2999050532766973659
7069066666135419520
-7480978329020922125
-6067149161539586455
880132280342285292
-2190283146778733434
-3668275525142979653
3997429548366834955
986342731591882185
3351793109387935668
-1770069487488246357
1023063436037006722
-3984467244085257849
-6616103794826251891
-2658578414027551990
4334601846487019272
1412573814040209518
5480303131337152417
-1579757049088399001
7763869295262134170
859405480806990790
8573225147171680225
4431453753713678032
-1392081076782079111
-2679779693610329011
-6493261656238947266
3129625407645527997
-1829078203354015039
837657871964559832
-37923837227340645
-970587925691202139
2026324310259059251
-4821042551624455118
-3547127269188018265
-6921080533344987448
-9038559762412907529
3195427733539508877
8945016649963144309
-48130848423202693
-5509232444501621336
-7437876556795148758
-6807336892322410070
-2194806869350979353
8895577150293037303
-4697139407799061915
3869314055944512328
483742255840414522
-6117156217609334745
-3634445162384929842
2102311158229428380
-2999050532766973659
7069066666135419520
-7480978329020922125
-6067149161539586455
880132280342285292
-2190283146778733434
-3668275525142979653
3997429548366834955
986342731591882185
3351793109387935668
-1770069487488246357
1023063436037006722
-3984467244085257849
-6616103794826251891
-2658578414027551990
4334601846487019272
1412573814040209518
5480303131337152417
-1579757049088399001
7763869295262134170
859405480806990790
8573225147171680225
4431453753713678032
-1392081076782079111
-2679779693610329011
-6493261656238947266
3129625407645527997
-1829078203354015039
837657871964559832
-37923837227340645
-970587925691202139
2026324310259059251
-4821042551624455118
-3547127269188018265
-6921080533344987448
-9038559762412907529
3195427733539508877
8945016649963144309
-48130848423202693
-5509232444501621336
-7437876556795148758
-6807336892322410070
-2194806869350979353
8895577150293037303
-4697139407799061915
3869314055944512328
483742255840414522
-6117156217609334745
-3634445162384929842
2102311158229428380
-2999050532766973659
7069066666135419520
-7480978329020922125
-6067149161539586455
880132280342285292
-2190283146778733434
-3668275525142979653
3997429548366834955
986342731591882185
3351793109387935668
-1770069487488246357
1023063436037006722
-3984467244085257849
-6616103794826251891
-2658578414027551990
4334601846487019272
1412573814040209518
5480303131337152417
-1579757049088399001
7763869295262134170
859405480806990790
8573225147171680225
4431453753713678032
-1392081076782079111
-2679779693610329011
-6493261656238947266
3129625407645527997
-1829078203354015039
837657871964559832
-37923837227340645
-970587925691202139
2026324310259059251
-4821042551624455118
-3547127269188018265
-6921080533344987448
-9038559762412907529
3195427733539508877
8945016649963144309
-48130848423202693
-5509232444501621336
-7437876556795148758
-6807336892322410070
-2194806869350979353
8895577150293037303
-4697139407799061915
3869314055944512328
483742255840414522
-6117156217609334745
-3634445162384929842
2102311158229428380
-2999050532766973659
7069066666135419520
-7480978329020922125
-6067149161539586455
880132280342285292
-2190283146778733434
-3668275525142979653
3997429548366834955
986342731591882185
3351793109387935668
-1770069487488246357
1023063436037006722
-3984467244085257849
-6616103794826251891
-2658578414027551990
4334601846487019272
1412573814040209518
5480303131337152417
-1579757049088399001
7763869295262134170
859405480806990790
8573225147171680225
4431453753713678032
-1392081076782079111
-2679779693610329011
-6493261656238947266
3129625407645527997
-1829078203354015039
837657871964559832
-37923837227340645
-970587925691202139
2026324310259059251
-4821042551624455118
-3547127269188018265
-6921080533344987448
-9038559762412907529
3195427733539508877
8945016649963144309
-48130848423202693
-5509232444501621336
-7437876556795148758
-6807336892322410070
-2194806869350979353
8895577150293037303
-4697139407799061915
3869314055944512328
483742255840414522
-6117156217609334745
-3634445162384929842
2102311158229428380
-2999050532766973659
7069066666135419520
-7480978329020922125
-6067149161539586455
880132280342285292
-2190283146778733434
-3668275525142979653
3997429548366834955
986342731591882185
3351793109387935668
-1770069487488246357
1023063436037006722
-3984467244085257849
-6616103794826251891
-2658578414027551990
4334601846487019272
1412573814040209518
5480303131337152417
-1579757049088399001
7763869295262134170
859405480806990790
8573225147171680225
4431453753713678032
-1392081076782079111
-2679779693610329011
-6493261656238947266
3129625407645527997
-1829078203354015039
837657871964559832
-37923837227340645
-970587925691202139
2026324310259059251
-4821042551624455118
-3547127269188018265
-6921080533344987448
-9038559762412907529
3195427733539508877
8945016649963144309
-48130848423202693
-5509232444501621336
-7437876556795148758
-6807336892322410070
-2194806869350979353
8895577150293037303
-4697139407799061915
3869314055944512328
483742255840414522
-6117156217609334745
-3634445162384929842
2102311158229428380
-2999050532766973659
7069066666135419520
-7480978329020922125
-6067149161539586455
880132280342285292
-2190283146778733434
-3668275525142979653
3997429548366834955
986342731591882185
3351793109387935668
-1770069487488246357
1023063436037006722
-3984467244085257849
-6616103794826251891
-2658578414027551990
4334601846487019272
1412573814040209518
5480303131337152417
-1579757049088399001
7763869295262134170
859405480806990790
8573225147171680225
4431453753713678032
-1392081076782079111
-2679779693610329011
-6493261656238947266
3129625407645527997
-1829078203354015039
837657871964559832
-37923837227340645
-970587925691202139
2026324310259059251
-4821042551624455118
-3547127269188018265
-6921080533344987448
-9038559762412907529
3195427733539508877
8945016649963144309
-48130848423202693
-5509232444501621336
-7437876556795148758
-6807336892322410070
-2194806869350979353
8895577150293037303
-4697139407799061915
3869314055944512328
483742255840414522
-6117156217609334745
-3634445162384929842
2102311158229428380
-2999050532766973659
7069066666135419520
-7480978329020922125
-6067149161539586455
880132280342285292
-2190283146778733434
-3668275525142979653
3997429548366834955
986342731591882185
3351793109387935668
-1770069487488246357
1023063436037006722
-3984467244085257849
-6616103794826251891
-2658578414027551990
4334601846487019272
1412573814040209518
5480303131337152417
-1579757049088399001
7763869295262134170
859405480806990790
8573225147171680225
4431453753713678032
-1392081076782079111
-2679779693610329011
-6493261656238947266
3129625407645527997
-1829078203354015039
837657871964559832
-37923837227340645
-970587925691202139
2026324310259059251
-4821042551624455118
-3547127269188018265
-6921080533344987448
-9038559762412907529
3195427733539508877
8945016649963144309
-48130848423202693
-5509232444501621336
-7437876556795148758
-6807336892322410070
-2194806869350979353
8895577150293037303
-4697139407799061915
3869314055944512328
483742255840414522
-6117156217609334745
-3634445162384929842
2102311158229428380
-2999050532766973659
7069066666135419520
-7480978329020922125
-6067149161539586455
880132280342285292
-2190283146778733434
-3668275525142979653
3997429548366834955
986342731591882185
3351793109387935668
-1770069487488246357
1023063436037006722
-3984467244085257849
-6616103794826251891
-2658578414027551990
4334601846487019272
1412573814040209518
5480303131337152417
-1579757049088399001
7763869295262134170
859405480806990790
8573225147171680225
4431453753713678032
-1392081076782079111
-2679779693610329011
-6493261656238947266
3129625407645527997
-1829078203354015039
837657871964559832
-37923837227340645
-970587925691202139
2026324310259059251
-4821042551624455118
-3547127269188018265
-6921080533344987448
-9038559762412907529
3195427733539508877
8945016649963144309
-48130848423202693
-5509232444501621336
-7437876556795148758
-6807336892322410070
-2194806869350979353
8895577150293037303
-4697139407799061915
3869314055944512328
483742255840414522
-6117156217609334745
-3634445162384929842
2102311158229428380
-2999050532766973659
7069066666135419520
-7480978329020922125
-6067149161539586455
880132280342285292
-2190283146778733434
-3668275525142979653
3997429548366834955
986342731591882185
3351793109387935668
-1770069487488246357
1023063436037006722
-3984467244085257849
-6616103794826251891
-2658578414027551990
4334601846487019272
1412573814040209518
5480303131337152417
-1579757049088399001
7763869295262134170
859405480806990790
8573225147171680225
-3547127269188018265
-6921080533344987448
-9038559762412907529
3195427733539508877
8945016649963144309
-48130848423202693
-5509232444501621336
-7437876556795148758
-6807336892322410070
-2194806869350979353
8895577150293037303
-4697139407799061915
3869314055944512328
483742255840414522
-6117156217609334745
-3634445162384929842
2102311158229428380
-2999050532766973659
7069066666135419520
-7480978329020922125
-6067149161539586455
880132280342285292
-2190283146778733434
-3668275525142979653
3997429548366834955
986342731591882185
3351793109387935668
-1770069487488246357
1023063436037006722
-3984467244085257849
-6616103794826251891
-2658578414027551990
4334601846487019272
1412573814040209518
5480303131337152417
-1579757049088399001
7763869295262134170
859405480806990790
8573225147171680225
-2670974090841219513
3558546628238598523
32710174816973610
2478627330260839623
-4855047474466747359
6507215712523611067
-7845612079994817875
-202385205698465087
-654359830713049758
8247806258943570595
-6000199616495449652
-4367966119624249156
-5330343402397299772
-8481527237023283364
-451053602667521267
620382477677576650
-4016800038215641751
32710174816973610
2478627330260839623
-4855047474466747359
6507215712523611067
-7845612079994817875
-202385205698465087
-654359830713049758
8247806258943570595
-6000199616495449652
6951552506904961057
-8813113197785127217
-4834645182985161008
90068289152574783
-2261135331334848654
7686840870219415995
-2699516769087877678
-8468951397073128207
-3083406805971259326
-4841633949019169980
-7754925754750991261
5275769623714777367
8584317782664055887
82792088179552411
2709283958807979836
4415319011020812590
5322477152144256135
-7934746484110643129
-436384844119723738
3982026121694783788
-4127279655009321734
7193291958391845541
-5989632499036251323
4970264644324898119
-7876777486551171495
-3909003425225056761
-4526477523880649082
-5127968553679779342
9220805264495161507
535360049445624380
-7861420797158465162
-4968408747260155203
9049122189956181485
-8919186439106366356
-2303881811280439693
8153570369785759693
-8806043829889229992
860073831164821812
3751402777154980139
-1891972191107531556
-7025723056646878582
6682364791506803015
3644649019252906511
8568239162000566034
5584238927738641881
6725999152774580174
-9065503545550093756
-1235588084945518939
-8601139447338396460
-7103976681058635343
6271389131068831262
-6747447236909756867
2793971645124802729
8005985453282007711
9070853655757851417
-1061021089162619526
-2699516769087877678
-8468951397073128207
-3083406805971259326
-4841633949019169980
-7754925754750991261
5275769623714777367
8584317782664055887
82792088179552411
2709283958807979836
4415319011020812590
5322477152144256135
-7934746484110643129
-436384844119723738
3982026121694783788
-4127279655009321734
7193291958391845541
-5989632499036251323
4970264644324898119
-7876777486551171495
-3909003425225056761
-4526477523880649082
-5127968553679779342
9220805264495161507
535360049445624380
-7861420797158465162
-4968408747260155203
9049122189956181485
-8919186439106366356
-2303881811280439693
8153570369785759693
-8806043829889229992
860073831164821812
3751402777154980139
-1891972191107531556
-7025723056646878582
6682364791506803015
3644649019252906511
8568239162000566034
5584238927738641881
6725999152774580174
-9065503545550093756
-1235588084945518939
-8601139447338396460
-7103976681058635343
6271389131068831262
-6747447236909756867
2793971645124802729
8005985453282007711
9070853655757851417
-1061021089162619526
-2699516769087877678
-8468951397073128207
-3083406805971259326
-4841633949019169980
-7754925754750991261
5275769623714777367
8584317782664055887
82792088179552411
2709283958807979836
4415319011020812590
5322477152144256135
-7934746484110643129
-436384844119723738
3982026121694783788
-4127279655009321734
7193291958391845541
-5989632499036251323
4970264644324898119
-7876777486551171495
-3909003425225056761
-4526477523880649082
-5127968553679779342
9220805264495161507
535360049445624380
-7861420797158465162
-4968408747260155203
9049122189956181485
-8919186439106366356
-2303881811280439693
8153570369785759693
-8806043829889229992
860073831164821812
3751402777154980139
-1891972191107531556
-7025723056646878582
6682364791506803015
3644649019252906511
8568239162000566034
5584238927738641881
6725999152774580174
-9065503545550093756
-1235588084945518939
-8601139447338396460
-7103976681058635343
6271389131068831262
-6747447236909756867
2793971645124802729
8005985453282007711
9070853655757851417
-1061021089162619526
-2699516769087877678
-8468951397073128207
-3083406805971259326
-4841633949019169980
-7754925754750991261
5275769623714777367
8584317782664055887
82792088179552411
2709283958807979836
4415319011020812590
5322477152144256135
-7934746484110643129
-436384844119723738
3982026121694783788
-4127279655009321734
7193291958391845541
-5989632499036251323
4970264644324898119
-7876777486551171495
-3909003425225056761
-4526477523880649082
-5127968553679779342
9220805264495161507
535360049445624380
-7861420797158465162
-4968408747260155203
9049122189956181485
-8919186439106366356
-2303881811280439693
8153570369785759693
-8806043829889229992
860073831164821812
3751402777154980139
-1891972191107531556
-7025723056646878582
6682364791506803015
3644649019252906511
8568239162000566034
5584238927738641881
6725999152774580174
-9065503545550093756
-1235588084945518939
-8601139447338396460
-7103976681058635343
6271389131068831262
-6747447236909756867
2793971645124802729
8005985453282007711
9070853655757851417
-1061021089162619526
-2699516769087877678
-8468951397073128207
-3083406805971259326
-4841633949019169980
-7754925754750991261
5275769623714777367
8584317782664055887
82792088179552411
2709283958807979836
4415319011020812590
5322477152144256135
-7934746484110643129
-436384844119723738
3982026121694783788
-4127279655009321734
7193291958391845541
-5989632499036251323
4970264644324898119
-7876777486551171495
-3909003425225056761
-4526477523880649082
-5127968553679779342
9220805264495161507
535360049445624380
-7861420797158465162
-4968408747260155203
9049122189956181485
-8919186439106366356
-2303881811280439693
8153570369785759693
-8806043829889229992
860073831164821812
3751402777154980139
-1891972191107531556
-7025723056646878582
6682364791506803015
3644649019252906511
8568239162000566034
5584238927738641881
6725999152774580174
-9065503545550093756
-1235588084945518939
-8601139447338396460
-7103976681058635343
6271389131068831262
-6747447236909756867
2793971645124802729
8005985453282007711
9070853655757851417
-1061021089162619526
-2699516769087877678
-8468951397073128207
-3083406805971259326
-4841633949019169980
-7754925754750991261
5275769623714777367
8584317782664055887
82792088179552411
2709283958807979836
4415319011020812590
5322477152144256135
-7934746484110643129
-436384844119723738
3982026121694783788
-4127279655009321734
7193291958391845541
-5989632499036251323
4970264644324898119
-7876777486551171495
-3909003425225056761
-4526477523880649082
-5127968553679779342
9220805264495161507
535360049445624380
-7861420797158465162
-4968408747260155203
9049122189956181485
-8919186439106366356
-2303881811280439693
8153570369785759693
-8806043829889229992
860073831164821812
3751402777154980139
-1891972191107531556
-7025723056646878582
6682364791506803015
3644649019252906511
8568239162000566034
5584238927738641881
6725999152774580174
-9065503545550093756
-1235588084945518939
-8601139447338396460
-7103976681058635343
6271389131068831262
-6747447236909756867
2793971645124802729
8005985453282007711
9070853655757851417
-1061021089162619526
-2699516769087877678
-8468951397073128207
-3083406805971259326
-4841633949019169980
-7754925754750991261
5275769623714777367
8584317782664055887
82792088179552411
2709283958807979836
4415319011020812590
5322477152144256135
-7934746484110643129
-436384844119723738
3982026121694783788
-4127279655009321734
7193291958391845541
-5989632499036251323
4970264644324898119
-7876777486551171495
-3909003425225056761
-4526477523880649082
-5127968553679779342
9220805264495161507
535360049445624380
-7861420797158465162
-4968408747260155203
9049122189956181485
-8919186439106366356
-2303881811280439693
8153570369785759693
-8806043829889229992
860073831164821812
3751402777154980139
-1891972191107531556
-7025723056646878582
6682364791506803015
3644649019252906511
8568239162000566034
5584238927738641881
6725999152774580174
-9065503545550093756
-1235588084945518939
-8601139447338396460
-7103976681058635343
6271389131068831262
-6747447236909756867
2793971645124802729
8005985453282007711
9070853655757851417
-1061021089162619526
-2699516769087877678
-8468951397073128207
-3083406805971259326
-4841633949019169980
-7754925754750991261
5275769623714777367
8584317782664055887
82792088179552411
2709283958807979836
4415319011020812590
5322477152144256135
-7934746484110643129
-436384844119723738
3982026121694783788
-4127279655009321734
7193291958391845541
-5989632499036251323
4970264644324898119
-7876777486551171495
-3909003425225056761
-4526477523880649082
-5127968553679779342
9220805264495161507
535360049445624380
-7861420797158465162
-4968408747260155203
9049122189956181485
-8919186439106366356
-2303881811280439693
8153570369785759693
-8806043829889229992
860073831164821812
3751402777154980139
-1891972191107531556
-7025723056646878582
6682364791506803015
3644649019252906511
8568239162000566034
5584238927738641881
6725999152774580174
-9065503545550093756
-1235588084945518939
-8601139447338396460
-7103976681058635343
6271389131068831262
-6747447236909756867
2793971645124802729
8005985453282007711
9070853655757851417
-1061021089162619526
-2699516769087877678
-8468951397073128207
-3083406805971259326
-4841633949019169980
-7754925754750991261
5275769623714777367
8584317782664055887
82792088179552411
2709283958807979836
4415319011020812590
5322477152144256135
-7934746484110643129
-436384844119723738
3982026121694783788
-4127279655009321734
7193291958391845541
-5989632499036251323
4970264644324898119
-7876777486551171495
-3909003425225056761
-4526477523880649082
-5127968553679779342
9220805264495161507
535360049445624380
-7861420797158465162
-4968408747260155203
9049122189956181485
-8919186439106366356
-2303881811280439693
8153570369785759693
-8806043829889229992
860073831164821812
3751402777154980139
-1891972191107531556
-7025723056646878582
6682364791506803015
3644649019252906511
8568239162000566034
5584238927738641881
6725999152774580174
-9065503545550093756
-1235588084945518939
-8601139447338396460
-7103976681058635343
6271389131068831262
-6747447236909756867
2793971645124802729
8005985453282007711
9070853655757851417
-1061021089162619526
-2699516769087877678
-8468951397073128207
-3083406805971259326
-4841633949019169980
-7754925754750991261
5275769623714777367
8584317782664055887
82792088179552411
2709283958807979836
4415319011020812590
5322477152144256135
-7934746484110643129
-436384844119723738
3982026121694783788
-4127279655009321734
7193291958391845541
-5989632499036251323
4970264644324898119
-7876777486551171495
-3909003425225056761
-4526477523880649082
-5127968553679779342
9220805264495161507
535360049445624380
-7861420797158465162
-4968408747260155203
9049122189956181485
-8919186439106366356
-2303881811280439693
8153570369785759693
-8806043829889229992
860073831164821812
3751402777154980139
-1891972191107531556
-7025723056646878582
6682364791506803015
3644649019252906511
8568239162000566034
5584238927738641881
6725999152774580174
-9065503545550093756
-1235588084945518939
-8601139447338396460
-7103976681058635343
6271389131068831262
-6747447236909756867
2793971645124802729
8005985453282007711
9070853655757851417
-1061021089162619526
-2699516769087877678
-8468951397073128207
-3083406805971259326
-4841633949019169980
-7754925754750991261
5275769623714777367
8584317782664055887
82792088179552411
2709283958807979836
4415319011020812590
5322477152144256135
-7934746484110643129
-436384844119723738
3982026121694783788
-4127279655009321734
7193291958391845541
-5989632499036251323
4970264644324898119
-7876777486551171495
-3909003425225056761
-4526477523880649082
-5127968553679779342
9220805264495161507
535360049445624380
-7861420797158465162
-4968408747260155203
9049122189956181485
-8919186439106366356
-2303881811280439693
8153570369785759693
-8806043829889229992
860073831164821812
3751402777154980139
-1891972191107531556
-7025723056646878582
6682364791506803015
3644649019252906511
8568239162000566034
5584238927738641881
6725999152774580174
-9065503545550093756
-1235588084945518939
-8601139447338396460
-7103976681058635343
6271389131068831262
-6747447236909756867
2793971645124802729
8005985453282007711
9070853655757851417
-1061021089162619526
-2699516769087877678
-8468951397073128207
-3083406805971259326
-4841633949019169980
-7754925754750991261
5275769623714777367
8584317782664055887
82792088179552411
2709283958807979836
4415319011020812590
5322477152144256135
-7934746484110643129
-436384844119723738
3982026121694783788
-4127279655009321734
7193291958391845541
-5989632499036251323
4970264644324898119
-7876777486551171495
-3909003425225056761
-4526477523880649082
-5127968553679779342
9220805264495161507
535360049445624380
-7861420797158465162
-4968408747260155203
9049122189956181485
-8919186439106366356
-2303881811280439693
3982026121694783788
-4127279655009321734
7193291958391845541
-5989632499036251323
4970264644324898119
-7876777486551171495
-3909003425225056761
-4526477523880649082
-5127968553679779342
9220805264495161507
535360049445624380
-7861420797158465162
-4968408747260155203
9049122189956181485
-8919186439106366356
-2303881811280439693
8029107115784064159
-596361639742060108
1125564235780740216
2241246113095832490
7441151576583336327
6448418198468927295
2439003050285301611
6846043898648361951
7422975251910956217
-7013882740466037968
5834112716476445982
7531151509475975368
-5688811652871982265
-2128591842268240866
-4383273755527188799
6718528148293257628
-2801897042271381977
-1304936034974780841
5696034685181907077
-6471820044807606851
-4776082290754467719
-2027185121460352132
6909005164738910477
5964309577539055337
-5825608476493333249
-4833657185876697906
6835576562881969191
-1888009595302238200
8215878993779906740
-1382994044575138984
4066849445335566878
1104059118829977632
-813511333321677120
2830440729561877253
5726275421506573698
7587703142003129194
7338172179183765921
-1498269073478147215
-5119338207807250066
1436750681428210488
4544525518567315326
8679662848176030133
-4079275123301632171
6427947465196642045
-8912555606332814916
6577469961732702112
7087479193703971423
4518295067823675047
-6433504900095218724
153658611688137687
6324270890595880351
-3396241151460150700
6117318542150557406
-2788301643453380447
-6529438986337643776
2686494530030419440
6979821718107921905
4180956967990233815
3511874831191791061
-8542560245489371855
-6619730363834735751
8717194381751295610
-6070406280629152771
-5415954134515167013
-1548099652182719103
-5432145198027616043
-3000711925434679565
-7843854804590579585
-869045759380563575
-9033133237809500436
651329620404313510
-5673401945465327757
7127161201137848657
6272259334154350648
591462847302840285
-8706637947528564015
-6702380933372003687
-1382641237203664447
-8694401816833751221
-6268333581333145827
4987340129968996438
9069314328870734467
5569728736868164877
8442944367498014692
2107530949196277244
-2592780552763808782
-7388592291296792930
8925692476100777491
899635340215407703
8363950329547647161
-6375338020471033214
4674355874447651332
-114897916173808307
3353162189319564666
-5331224212194405725
-8880437469795385103
3725223860174031945
-4877213278336397424
9132141882858316486
2844622176011950437
-8556896948447083066
-6544979015086405632
-4399400006115764239
493483236678364069
3531413915025276252
-8004487642397555658
-774032729646442776
8381083395729346542
-8157098165000605383
8609226254761985540
3864095272087008503
-596446088439833600
-8991418697600743353
1133456305084407637
-5576462663959438127
-2214681811414263340
-5958498254605306508
2869177572054683037
-6484865066631538324
8263117821411006792
-6106065810874209633
2956022119823105847
687082024550425821
-6070802978690893273
-3449819654917920630
1501338695032708293
-7894165644036685231
-1469985007148191686
-7672935494246582194
-195141519917974166
-3087180146329493600
-1339844816411953555
1859874559723837554
1478791165912603309
1458276725154116245
-5851277467589783301
9145655416518352389
7561336734454695922
7390071011260736884
-7116938153114049347
4754975109352081254
-4094010895576650131
6705811005810153363
2203570798445546686
-4254362918811947967
863213542517004378
3317976752060197471
-5938396723829207697
-4891204455280018979
8020405634237914114
-7974568688330848990
3377110251315866988
8858821406955237110
-1209066922997421926
2804583613986653961
2810131896340218767
-4521006687293009491
-7779044646779080125
-9126496864086386014
5633836499447595229
3334643135537113420
-6642330070091706863
9138698046788510100
-3309843447475619133
-4353235784727559196
-8176615842129729655
457877180290296743
4458502393954367007
1627343839311156162
6561817734346765086
6486944424731846119
580305384237094969
5401869828506035687
-5622315697156225750
-7722925433541168556
-7389477020154891386
5061461976420860885
-4609801547490308890
7916010809162732016
1690559062236188612
8752903692763580844
4139861442093544903
5822525145501713712
-2469245235549815702
7621211514175741767
3573882417402597549
-4093929272069321973
-7041371125320820586
-6573629170347346723
1930349651659719883
-9160668520444151631
8321532225521447708
-5246400563919351968
8035782225937388138
2808944664044749457
8120594976535993524
-2525695950671764388
-4531652461992234559
1212893377353601181
1604644489447216589
8971144208232298089
1692294389060697524
-4894071940656606456
-7726549453644927893
-8364334143696138351
-6099863559660139703
-2192719225349413579
8225034399692897412
-6954238003611228961
6110611487047926697
4754433261473524583
348498257533793239
-6488198309069200998
5050289011492223004
5889945416226548596
1625956703641363609
4726399232551122186
-1423350804329565887
-6980959001205097512
4016258074619944476
-1221318496649692034
4318648970458550319
3085457236393214905
2586722748222346538
2046610230957512288
-1977259447179376468
-9198760048579762783
-6223722192759648589
697551142733959310
-7944577035285768294
-3063428878157723919
347360352939875909
-8060017622872918800
-6905993097761797385
-8041995120211147693
2070203336840466411
-3721591285961401152
-170900764188043590
-624105253679769237
5330838760624351357
-6172934698768354313
-2572477056503950328
-331306754635307654
5609792960853636522
-4132729301501831767
-478330879870524220
-5149628433906153466
-6909680802275735289
1054304069728915753
2486931130397518266
6003187055072468001
-7870230714311459566
-813325200710757245
1621763310742727479
-7781199933728621405
-3043692398018540978
1409301344906310451
2590243280910973037
-5281002225446125077
-5752800986220696462
-4567373263199333722
-8067942960987921101
-2653438919724452647
6671125824007404281
-4831726570722909550
-5121400725631543265
7012518258326008322
-2954101171972595663
-1232736175132891109
-4009892051766262639
-1954395948370699044
2231165402319871171
6680561759231380598
7640895287972764153
6187124335752584682
-2405598261275463899
-2440442530595448536
1339262592790903473
3249778971397390023
-2939638947994362996
-1960003792112429156
736234234147326111
-541174369954092507
-6826445627490129350
-6925230388215650077
5055851456263169362
4513992901289231599
-8583243207707296031
-3545642915760757917
1750537933249495206
8503042917780052248
3188779751065727818
5277382790676252316
-1639084035306697919
3369671121148599241
1973240854876789903
-2007804031497800628
-5959392297028320264
1355163315336885621
-1138385200504038815
-4069567967508824517
-3962891322549144282
-5219310947194105819
-7703789855537581678
3537725070253882643
-95134087817309311
-6187039621120481745
160492642594347017
-7884958656103937863
-1844096702126588160
5594107230963308388
-5513096853319792557
7052134066143578330
3704614669464225627
4712881783301226014
-4465524919383051528
2397707991624414573
6913942542782157736
3979050070409528621
5882709575462891198
4736999751229427157
5862164447238132333
7730238761945452591
-1314289317073227731
4661367975243378434
-1335313410508650642
8847973683237879615
1618545526389008262
-1961014683642370559
-7085115475047720627
3143479481193362206
8155974752871695153
-4158933114450728182
3101076625394631683
2579694285289074578
-7495365189839790171
6461368759117344217
-2501834256208399658
7152952215287863614
2931436971462895945
-2439579959707045978
8326045277723230985
-937170715760736202
-2701194310662769815
4432785528738900852
7409621418248127583
7180497674400600834
3017356827056910991
8207701319012465079
-1517769912723837927
1119230938675807473
8665813103791142343
4636516324414522968
3351195439360429279
-3179318671457900473
6833024512338833341
-512226531360920729
-4358396177589125659
815240785304875587
4501465471152772556
8061671129400307700
9084030853368381459
7516358467103695277
-5168172980504451883
-926155717343066362
-7243144999338828766
2273995719233548708
2607299739475669647
-1269054356013669199
-5837471367261125011
-1059104662221532975
-3875786938025559710
263393448374522664
7816066708830414707
3236870982367624400
-4862669541811387568
-5371877209256521222
-8922240431998143119
-2368319883488277578
-8157316710376831817
-2443702450288483789
-5765701770461141386
7807443456808883112
-7806615319310149543
4712590274722434268
6797534222052386785
-8062036921331885514
-5674260849128407102
6843112856553468378
7826085908484170519
5636954946086465473
1374597957913318433
-4766097785254219565
8115413930586112658
-567611986981264873
-9161948904324700940
-300113286678435610
-6727896657494060592
-4107614764948705203
1886552916497048547
-7007986525054195722
-5171157091057399872
-4192079518468531387
-1413953475222152850
4034467658203185162
-3960736623983573382
3067886540503077958
-6025686790673394684
3703354863970813250
8996841347280648054
-6263983952157523320
-3615515013696113376
-7773774049675356777
-3991724816011188331
-3533581221437781142
6815780984636190440
5727054380882568575
1481065779970740025
-5569488537058414320
-226256229625620114
-3770219144390385236
1376362202932448078
6242085202099114659
2787353088958495503
-4011988256052368237
-1915509940054346450
6043356272854644078
2071555503333214229
6324392068590339078
-9088851161945199722
-3136346018198897591
-7903535049599261828
-4463491889315471918
2281826312529501115
3669725634701893677
235467883409631294
7700434016648226429
-336786209526106864
-7820945061355443665
-5561037035467218000
-6991352189232135162
5341809606779172822
-2546375843568282491
-9043852504653748922
-1963240972495449461
6997039225672726904
2612845704072726958
988245122523589191
-7569644023034808234
8301110713666753221
-2442795014267525720
1881032608178601433
-2870982015259564414
-3088987205975044938
-8970742068050103724
-8485731191085733849
-8761840269341612168
3639964530186628937
-7859578028373815000
5687326346344124052
8894215066154807584
6987141631765872458
-7578538044902218196
-730307734937571448
-166705821777156394
-7756415654703702376
-4659978055075783954
7399888107668486357
-5461709330055084341
3210966936186771763
-6814371332836867153
-7139911831771901562
5987484166394553427
863946980885617555
-4217865075405066230
434221863438840007
474185521303675914
6877229739300394841
-7099400675918131441
5632123060927045466
4452716320360066450
-568434340183708012
-4579046786344742054
-401398700287765005
-8091193752462775833
-7125063722812753247
-7014125139614063270
-8419397984547649498
4612155637436634886
-1570352838363901443
701033935879511403
-3535978493645111123
-1726657068607511778
9073585717427857098
2381184316678059063
-8775384197323628099
7737504977421765094
8367472878946041533
-8998762413766616624
4265189238193697141
-7761015365566090225
-2635441236090554812
-3359593871193988906
3337821789754277585
1376558736074621935
-2617154794395297473
-2011296811929386155
3778465022925595329
7359042757226994290
-8082715253891791412
1821369270268015831
-9088671290140593304
1142059228847601825
-1961310262468356880
6341270940297274446
-6122952524307364330
3188599649140938249
-4119130135184584845
-6950481358675213895
181549421953916605
2062881830616249376
-3874008360865213005
-1891057398370232323
3297054242713601778
-2970606155453126189
-4703747835407313204
8918794598996509062
-1991349119487470302
5963843813963941376
-8122546682351719094
-1065462026909308263
2427517339111352475
7516553421514835290
-7580007742353371866
-1065462026909308263
2427517339111352475
7516553421514835290
-7580007742353371866
5697409970966665908
-8714581864981708874
5599642136528118829
4161644009550169282
432720089741430636
-4931116677021239294
-658098297917951395
4537588963776829362
4533119789325401318
-1526681188035060362
1250322988831345834
3592769472139662660
5552574314656391580
-7895305220782071608
8440868878499865754
-4445012288298921496
2944721791871968692
-5168847935239563909
1529166974913033790
-4599965704708531352
5447569672912245842
-2616447921919560840
2513097668829388682
-6561064261151281343
-1839592500324617321
1074329290256003734
-3137238420174532655
-9022648127237019557
-3847193362808044518
-6119484529994255534
3804161120528457197
-2747490480411927310
5723312154572880876
